 &plot nbnd=  17, nks=    81 /
            0.000000  0.000000  0.000000
  -60.216  -34.346  -34.143  -34.143  -13.396  -12.096   -4.915   -1.920   -1.920   -1.091
   -0.820   -0.816    0.677    3.435    3.440    3.683    3.684
            0.016667 -0.009623  0.000000
  -60.216  -34.346  -34.144  -34.143  -13.392  -12.094   -4.910   -1.930   -1.916   -1.134
   -0.824   -0.782    0.675    3.431    3.444    3.670    3.679
            0.033333 -0.019245  0.000000
  -60.215  -34.346  -34.147  -34.144  -13.380  -12.089   -4.895   -1.958   -1.903   -1.226
   -0.845   -0.707    0.670    3.411    3.467    3.632    3.664
            0.050000 -0.028868  0.000000
  -60.215  -34.345  -34.152  -34.145  -13.359  -12.081   -4.872   -2.006   -1.881   -1.337
   -0.878   -0.627    0.660    3.381    3.504    3.572    3.641
            0.066667 -0.038490  0.000000
  -60.214  -34.343  -34.159  -34.147  -13.331  -12.069   -4.839   -2.069   -1.852   -1.456
   -0.924   -0.552    0.646    3.344    3.495    3.554    3.608
            0.083333 -0.048113  0.000000
  -60.213  -34.341  -34.168  -34.149  -13.294  -12.054   -4.798   -2.148   -1.814   -1.579
   -0.980   -0.488    0.625    3.305    3.407    3.569    3.615
            0.100000 -0.057735  0.000000
  -60.212  -34.339  -34.179  -34.151  -13.250  -12.036   -4.749   -2.239   -1.768   -1.705
   -1.045   -0.437    0.597    3.271    3.313    3.522    3.686
            0.116667 -0.067358  0.000000
  -60.211  -34.337  -34.192  -34.154  -13.199  -12.014   -4.694   -2.339   -1.833   -1.715
   -1.117   -0.402    0.561    3.218    3.245    3.471    3.765
            0.133333 -0.076980  0.000000
  -60.210  -34.334  -34.205  -34.157  -13.140  -11.990   -4.633   -2.447   -1.962   -1.655
   -1.195   -0.384    0.515    3.128    3.231    3.416    3.848
            0.150000 -0.086603  0.000000
  -60.208  -34.331  -34.221  -34.161  -13.075  -11.964   -4.569   -2.559   -2.092   -1.589
   -1.277   -0.383    0.459    3.046    3.233    3.359    3.936
            0.166667 -0.096225  0.000000
  -60.207  -34.328  -34.237  -34.164  -13.004  -11.934   -4.504   -2.672   -2.223   -1.517
   -1.363   -0.398    0.392    2.976    3.252    3.300    4.025
            0.183333 -0.105848  0.000000
  -60.205  -34.324  -34.255  -34.168  -12.927  -11.903   -4.441   -2.782   -2.354   -1.450
   -1.440   -0.428    0.315    2.921    3.242    3.288    4.115
            0.200000 -0.115470  0.000000
  -60.203  -34.321  -34.273  -34.173  -12.845  -11.869   -4.383   -2.886   -2.485   -1.537
   -1.358   -0.470    0.231    2.881    3.185    3.341    4.203
            0.216667 -0.125093  0.000000
  -60.201  -34.317  -34.291  -34.177  -12.758  -11.834   -4.336   -2.980   -2.617   -1.624
   -1.274   -0.521    0.142    2.856    3.130    3.408    4.289
            0.233333 -0.134715  0.000000
  -60.199  -34.313  -34.311  -34.181  -12.668  -11.797   -4.304   -3.059   -2.747   -1.709
   -1.188   -0.579    0.051    2.846    3.080    3.487    4.372
            0.250000 -0.144338  0.000000
  -60.197  -34.330  -34.309  -34.186  -12.575  -11.759   -4.292   -3.119   -2.877   -1.792
   -1.100   -0.641   -0.036    2.850    3.033    3.576    4.450
            0.266667 -0.153960  0.000000
  -60.195  -34.349  -34.305  -34.190  -12.479  -11.720   -4.304   -3.160   -3.005   -1.873
   -1.012   -0.705   -0.116    2.865    2.992    3.671    4.523
            0.283333 -0.163583  0.000000
  -60.193  -34.368  -34.302  -34.195  -12.382  -11.681   -4.339   -3.184   -3.130   -1.950
   -0.925   -0.768   -0.184    2.891    2.957    3.770    4.590
            0.300000 -0.173205  0.000000
  -60.192  -34.387  -34.298  -34.199  -12.285  -11.642   -4.393   -3.252   -3.196   -2.022
   -0.841   -0.828   -0.236    2.926    2.928    3.870    4.652
            0.316667 -0.182828  0.000000
  -60.190  -34.404  -34.294  -34.203  -12.188  -11.603   -4.460   -3.369   -3.202   -2.091
   -0.885   -0.759   -0.269    2.905    2.967    3.969    4.708
            0.333333 -0.192450  0.000000
  -60.188  -34.421  -34.291  -34.207  -12.094  -11.566   -4.537   -3.481   -3.208   -2.154
   -0.938   -0.682   -0.283    2.889    3.014    4.064    4.758
            0.350000 -0.202073  0.000000
  -60.186  -34.437  -34.287  -34.211  -12.002  -11.530   -4.617   -3.586   -3.217   -2.212
   -0.987   -0.611   -0.277    2.880    3.065    4.153    4.803
            0.366667 -0.211695  0.000000
  -60.185  -34.452  -34.284  -34.214  -11.915  -11.496   -4.697   -3.684   -3.232   -2.265
   -1.030   -0.546   -0.252    2.876    3.119    4.234    4.842
            0.383333 -0.221318  0.000000
  -60.183  -34.465  -34.282  -34.217  -11.834  -11.465   -4.774   -3.774   -3.251   -2.313
   -1.067   -0.487   -0.214    2.877    3.174    4.307    4.875
            0.400000 -0.230940  0.000000
  -60.182  -34.477  -34.279  -34.220  -11.760  -11.436   -4.846   -3.853   -3.274   -2.354
   -1.100   -0.436   -0.166    2.881    3.228    4.370    4.903
            0.416667 -0.240563  0.000000
  -60.181  -34.487  -34.277  -34.223  -11.694  -11.411   -4.910   -3.923   -3.298   -2.389
   -1.127   -0.392   -0.114    2.889    3.280    4.423    4.927
            0.433333 -0.250185  0.000000
  -60.180  -34.496  -34.275  -34.225  -11.638  -11.390   -4.966   -3.980   -3.321   -2.418
   -1.149   -0.357   -0.062    2.897    3.328    4.466    4.946
            0.450000 -0.259808  0.000000
  -60.180  -34.503  -34.274  -34.226  -11.593  -11.373   -5.010   -4.026   -3.342   -2.441
   -1.166   -0.329   -0.016    2.905    3.370    4.498    4.960
            0.466667 -0.269430  0.000000
  -60.179  -34.508  -34.273  -34.227  -11.561  -11.361   -5.043   -4.059   -3.358   -2.457
   -1.178   -0.309    0.021    2.912    3.402    4.521    4.970
            0.483333 -0.279053  0.000000
  -60.179  -34.510  -34.272  -34.228  -11.541  -11.353   -5.063   -4.079   -3.368   -2.467
   -1.185   -0.298    0.044    2.916    3.422    4.534    4.976
            0.500000 -0.288675  0.000000
  -60.179  -34.511  -34.272  -34.228  -11.534  -11.351   -5.070   -4.086   -3.371   -2.470
   -1.188   -0.294    0.052    2.918    3.429    4.539    4.978
            0.508333 -0.274241  0.000000
  -60.179  -34.511  -34.272  -34.229  -11.533  -11.350   -5.066   -4.089   -3.369   -2.471
   -1.187   -0.324    0.069    2.920    3.430    4.545    4.965
            0.516667 -0.259807  0.000000
  -60.179  -34.510  -34.272  -34.231  -11.528  -11.348   -5.053   -4.099   -3.365   -2.473
   -1.184   -0.404    0.106    2.924    3.435    4.561    4.928
            0.525000 -0.245373  0.000000
  -60.178  -34.509  -34.271  -34.234  -11.522  -11.343   -5.033   -4.115   -3.358   -2.476
   -1.180   -0.515    0.149    2.929    3.443    4.587    4.871
            0.533334 -0.230939  0.000000
  -60.178  -34.506  -34.271  -34.238  -11.512  -11.338   -5.005   -4.138   -3.348   -2.479
   -1.176   -0.646    0.188    2.933    3.457    4.616    4.804
            0.541667 -0.216505  0.000000
  -60.178  -34.504  -34.271  -34.244  -11.501  -11.330   -4.968   -4.166   -3.336   -2.481
   -1.172   -0.793    0.223    2.933    3.478    4.620    4.760
            0.550001 -0.202071  0.000000
  -60.178  -34.500  -34.270  -34.251  -11.487  -11.322   -4.924   -4.200   -3.322   -2.481
   -1.170   -0.953    0.254    2.926    3.507    4.558    4.782
            0.558334 -0.187637  0.000000
  -60.177  -34.496  -34.270  -34.258  -11.471  -11.312   -4.873   -4.239   -3.307   -2.477
   -1.171   -1.123    0.282    2.910    3.546    4.465    4.839
            0.566668 -0.173203  0.000000
  -60.177  -34.492  -34.269  -34.267  -11.454  -11.301   -4.815   -4.282   -3.290   -2.469
   -1.300   -1.176    0.308    2.884    3.594    4.366    4.908
            0.575001 -0.158769  0.000000
  -60.177  -34.487  -34.276  -34.268  -11.435  -11.290   -4.750   -4.328   -3.272   -2.457
   -1.482   -1.185    0.335    2.850    3.650    4.268    4.982
            0.583335 -0.144335  0.000000
  -60.176  -34.481  -34.286  -34.268  -11.415  -11.278   -4.678   -4.376   -3.254   -2.440
   -1.667   -1.200    0.362    2.807    3.711    4.175    5.059
            0.591668 -0.129901  0.000000
  -60.176  -34.476  -34.297  -34.267  -11.395  -11.265   -4.601   -4.425   -3.237   -2.419
   -1.852   -1.219    0.392    2.757    3.777    4.089    5.135
            0.600002 -0.115467  0.000000
  -60.176  -34.469  -34.308  -34.266  -11.374  -11.253   -4.519   -4.473   -3.221   -2.393
   -2.034   -1.244    0.424    2.702    3.844    4.011    5.210
            0.608335 -0.101033  0.000000
  -60.175  -34.462  -34.319  -34.266  -11.354  -11.241   -4.520   -4.431   -3.208   -2.364
   -2.211   -1.273    0.459    2.644    3.912    3.942    5.280
            0.616669 -0.086598  0.000000
  -60.175  -34.455  -34.330  -34.265  -11.335  -11.230   -4.563   -4.340   -3.200   -2.380
   -2.332   -1.306    0.497    2.584    3.884    3.977    5.344
            0.625002 -0.072164  0.000000
  -60.175  -34.448  -34.341  -34.264  -11.317  -11.220   -4.602   -4.247   -3.200   -2.533
   -2.298   -1.341    0.535    2.524    3.837    4.039    5.400
            0.633336 -0.057730  0.000000
  -60.175  -34.441  -34.352  -34.264  -11.302  -11.211   -4.636   -4.153   -3.214   -2.665
   -2.264   -1.377    0.573    2.468    3.799    4.095    5.447
            0.641669 -0.043296  0.000000
  -60.174  -34.434  -34.361  -34.263  -11.288  -11.203   -4.664   -4.061   -3.246   -2.764
   -2.233   -1.412    0.608    2.419    3.771    4.142    5.484
            0.650003 -0.028862  0.000000
  -60.174  -34.427  -34.370  -34.263  -11.278  -11.197   -4.685   -3.978   -3.297   -2.826
   -2.207   -1.440    0.637    2.380    3.753    4.178    5.510
            0.658336 -0.014428  0.000000
  -60.174  -34.423  -34.376  -34.263  -11.272  -11.194   -4.698   -3.915   -3.349   -2.856
   -2.189   -1.460    0.657    2.355    3.742    4.202    5.526
            0.666670  0.000006  0.000000
  -60.174  -34.421  -34.378  -34.263  -11.269  -11.193   -4.703   -3.890   -3.372   -2.864
   -2.183   -1.468    0.664    2.346    3.739    4.210    5.531
            0.644448  0.000006  0.000000
  -60.174  -34.424  -34.375  -34.263  -11.274  -11.195   -4.694   -3.932   -3.329   -2.854
   -2.195   -1.454    0.650    2.362    3.744    4.195    5.522
            0.622225  0.000005  0.000000
  -60.174  -34.430  -34.366  -34.263  -11.288  -11.202   -4.669   -4.024   -3.231   -2.826
   -2.229   -1.413    0.610    2.410    3.756    4.147    5.499
            0.600003  0.000005  0.000000
  -60.175  -34.436  -34.355  -34.264  -11.312  -11.214   -4.626   -4.126   -3.121   -2.779
   -2.279   -1.351    0.548    2.483    3.771    4.068    5.464
            0.577781  0.000005  0.000000
  -60.175  -34.441  -34.343  -34.265  -11.348  -11.231   -4.566   -4.220   -3.027   -2.701
   -2.339   -1.273    0.469    2.572    3.786    3.961    5.421
            0.555558  0.000005  0.000000
  -60.176  -34.445  -34.330  -34.267  -11.395  -11.254   -4.487   -4.299   -2.966   -2.587
   -2.400   -1.186    0.381    2.666    3.795    3.835    5.374
            0.533336  0.000005  0.000000
  -60.177  -34.446  -34.318  -34.269  -11.454  -11.281   -4.392   -4.359   -2.932   -2.459
   -2.448   -1.093    0.291    2.753    3.696    3.797    5.326
            0.511114  0.000004  0.000000
  -60.178  -34.445  -34.305  -34.271  -11.523  -11.312   -4.399   -4.279   -2.918   -2.513
   -2.296   -0.997    0.204    2.824    3.557    3.787    5.280
            0.488891  0.000004  0.000000
  -60.179  -34.442  -34.292  -34.273  -11.603  -11.347   -4.419   -4.151   -2.918   -2.559
   -2.139   -0.901    0.124    2.866    3.432    3.763    5.237
            0.466669  0.000004  0.000000
  -60.181  -34.436  -34.280  -34.276  -11.692  -11.386   -4.421   -4.008   -2.930   -2.594
   -1.983   -0.807    0.053    2.868    3.336    3.726    5.196
            0.444447  0.000004  0.000000
  -60.182  -34.428  -34.280  -34.268  -11.789  -11.428   -4.407   -3.853   -2.955   -2.617
   -1.830   -0.717   -0.007    2.828    3.276    3.677    5.155
            0.422224  0.000004  0.000000
  -60.184  -34.418  -34.283  -34.256  -11.893  -11.473   -4.378   -3.686   -2.989   -2.627
   -1.685   -0.631   -0.056    2.763    3.242    3.618    5.111
            0.400002  0.000003  0.000000
  -60.186  -34.406  -34.287  -34.245  -12.002  -11.519   -4.340   -3.511   -3.030   -2.622
   -1.550   -0.552   -0.093    2.697    3.218    3.552    5.060
            0.377780  0.000003  0.000000
  -60.188  -34.392  -34.291  -34.234  -12.115  -11.566   -4.297   -3.330   -3.072   -2.599
   -1.433   -0.480   -0.116    2.646    3.195    3.483    4.999
            0.355557  0.000003  0.000000
  -60.190  -34.376  -34.296  -34.224  -12.229  -11.614   -4.256   -3.150   -3.108   -2.557
   -1.341   -0.416   -0.120    2.618    3.172    3.414    4.926
            0.333335  0.000003  0.000000
  -60.193  -34.358  -34.300  -34.214  -12.345  -11.661   -4.226   -3.130   -2.975   -2.489
   -1.280   -0.362   -0.102    2.614    3.151    3.348    4.841
            0.311113  0.000003  0.000000
  -60.195  -34.340  -34.305  -34.205  -12.459  -11.709   -4.215   -3.127   -2.814   -2.391
   -1.255   -0.317   -0.059    2.633    3.136    3.287    4.744
            0.288890  0.000003  0.000000
  -60.197  -34.320  -34.309  -34.197  -12.571  -11.755   -4.229   -3.093   -2.674   -2.260
   -1.265   -0.283    0.010    2.671    3.130    3.234    4.636
            0.266668  0.000002  0.000000
  -60.199  -34.314  -34.301  -34.189  -12.680  -11.800   -4.267   -3.029   -2.550   -2.103
   -1.304   -0.259    0.095    2.723    3.139    3.192    4.518
            0.244446  0.000002  0.000000
  -60.202  -34.318  -34.281  -34.181  -12.784  -11.843   -4.324   -2.939   -2.433   -1.932
   -1.362   -0.246    0.189    2.786    3.161    3.165    4.394
            0.222223  0.000002  0.000000
  -60.204  -34.322  -34.261  -34.175  -12.882  -11.884   -4.395   -2.830   -2.316   -1.758
   -1.432   -0.246    0.283    2.858    3.144    3.208    4.266
            0.200001  0.000002  0.000000
  -60.206  -34.326  -34.241  -34.169  -12.974  -11.922   -4.472   -2.708   -2.196   -1.590
   -1.508   -0.257    0.371    2.937    3.141    3.264    4.138
            0.177779  0.000002  0.000000
  -60.208  -34.330  -34.223  -34.163  -13.059  -11.957   -4.550   -2.581   -2.070   -1.583
   -1.432   -0.280    0.448    3.026    3.153    3.329    4.012
            0.155556  0.000001  0.000000
  -60.210  -34.334  -34.206  -34.158  -13.135  -11.988   -4.627   -2.454   -1.940   -1.655
   -1.289   -0.316    0.513    3.124    3.179    3.398    3.892
            0.133334  0.000001  0.000000
  -60.211  -34.337  -34.190  -34.154  -13.203  -12.016   -4.697   -2.331   -1.805   -1.721
   -1.164   -0.365    0.565    3.216    3.229    3.466    3.781
            0.111112  0.000001  0.000000
  -60.213  -34.340  -34.176  -34.151  -13.261  -12.040   -4.761   -2.217   -1.780   -1.666
   -1.057   -0.427    0.605    3.262    3.338    3.528    3.682
            0.088889  0.000001  0.000000
  -60.214  -34.342  -34.165  -34.148  -13.309  -12.060   -4.815   -2.116   -1.829   -1.527
   -0.970   -0.502    0.634    3.312    3.444    3.581    3.598
            0.066667  0.000001  0.000000
  -60.215  -34.344  -34.155  -34.146  -13.347  -12.076   -4.858   -2.034   -1.868   -1.390
   -0.903   -0.587    0.654    3.360    3.529    3.539    3.625
            0.044445  0.000000  0.000000
  -60.215  -34.345  -34.148  -34.144  -13.374  -12.087   -4.889   -1.972   -1.897   -1.259
   -0.856   -0.680    0.667    3.400    3.479    3.616    3.657
            0.022222  0.000000  0.000000
  -60.216  -34.346  -34.144  -34.143  -13.391  -12.094   -4.908   -1.933   -1.914   -1.146
   -0.828   -0.770    0.675    3.427    3.449    3.666    3.677
            0.000000  0.000000  0.000000
  -60.216  -34.346  -34.143  -34.143  -13.396  -12.096   -4.915   -1.920   -1.920   -1.091
   -0.820   -0.816    0.677    3.435    3.440    3.683    3.684
